	session	use analysis	number of caps sessions	number of beers sessions	date caps 1	date caps 2	date caps 3	events caps 1	events caps 2	events caps 3	date beers 1	date beers 2	date beers 3	date beers 4	date beers 5	events beers 1	events beers 2	events beers 3	events beers 4	events beers 5	comments
11612162	2	True	1	1	2017-01-17_11.22.57	nan	nan	1917	0	0	2017-01-17_12.17.50	nan	nan	nan	nan	1484	0	0	0	0	
13660166	15	True	1	1	2017-03-28_16.20.11	nan	nan	3642	0	0	2017-03-28_15.28.56	nan	nan	nan	nan	3228	0	0	0	0	
41947147	2	True	1	1	2017-01-17_11.22.57	nan	nan	4162	0	0	2017-01-17_12.17.51	nan	nan	nan	nan	3678	0	0	0	0	
64006159	2	True	1	1	2017-01-17_12.17.34	nan	nan	1185	0	0	2017-01-17_11.22.34	nan	nan	nan	nan	2218	0	0	0	0	
15749160	14	True	2	1	2017-03-23_13.17.23	2017-03-23_13.25.52	nan	0	4019	0	2017-03-23_14.25.38	nan	nan	nan	nan	2298	0	0	0	0	
16901162	11	True	1	1	2017-03-21_17.27.09	nan	nan	1619	0	0	2017-03-21_18.25.03	nan	nan	nan	nan	2374	0	0	0	0	
51717164	3	True	1	1	2017-01-17_15.22.53	nan	nan	1761	0	0	2017-01-17_16.21.04	nan	nan	nan	nan	3397	0	0	0	0	
10970160	8	True	1	1	2017-01-23_16.21.03	nan	nan	4613	0	0	2017-01-23_15.24.13	nan	nan	nan	nan	5414	0	0	0	0	
17114169	7	True	1	1	2017-01-20_16.23.09	nan	nan	4389	0	0	2017-01-20_15.24.55	nan	nan	nan	nan	3701	0	0	0	0	
17071167	5	True	1	1	2017-01-19_14.21.48	nan	nan	3253	0	0	2017-01-19_13.26.00	nan	nan	nan	nan	4899	0	0	0	0	
17112137	14	True	1	1	2017-03-23_13.25.51	nan	nan	3928	0	0	2017-03-23_14.25.27	nan	nan	nan	nan	4753	0	0	0	0	
83459165	1	False	1	1	2017-01-13_13.29.38	nan	nan	5625	0	0	2017-01-13_14.26.08	nan	nan	nan	nan	6194	0	0	0	0	
19416160	10	True	1	1	2017-03-20_15.32.44	nan	nan	1983	0	0	2017-03-20_16.24.16	nan	nan	nan	nan	4790	0	0	0	0	
11095146	7	True	1	1	2017-01-20_15.25.06	nan	nan	3271	0	0	2017-01-20_16.23.24	nan	nan	nan	nan	5663	0	0	0	0	
11394167	11	True	1	1	2017-03-21_18.25.37	nan	nan	692	0	0	2017-03-21_17.28.45	nan	nan	nan	nan	3283	0	0	0	0	
89047164	3	True	1	1	2017-01-17_16.20.58	nan	nan	2041	0	0	2017-01-17_15.22.57	nan	nan	nan	nan	1258	0	0	0	0	
13228164	5	True	1	1	2017-01-19_14.21.35	nan	nan	4806	0	0	2017-01-19_13.25.28	nan	nan	nan	nan	4931	0	0	0	0	
11777163	11	True	1	1	2017-03-21_17.28.21	nan	nan	2359	0	0	2017-03-21_18.25.08	nan	nan	nan	nan	1130	0	0	0	0	
13654167	6	True	1	1	2017-01-20_12.18.27	nan	nan	1756	0	0	2017-01-20_11.22.41	nan	nan	nan	nan	2182	0	0	0	0	
78379161	0	False	2	1	2016-10-19_15.28.57	nan	nan	34	0	0	2016-10-19_16.38.06	nan	nan	nan	nan	2297	0	0	0	0	
86699164	3	True	1	1	2017-01-17_16.20.58	nan	nan	4967	0	0	2017-01-17_15.23.04	nan	nan	nan	nan	5700	0	0	0	0	
11691167	12	False	1	1	2017-03-22_11.41.45	nan	nan	1140	0	0	2017-03-22_11.40.23	nan	nan	nan	nan	0	0	0	0	0	
12288167	12	False	1	1	2017-03-22_12.33.21	nan	nan	1826	0	0	2017-03-22_11.40.14	nan	nan	nan	nan	3184	0	0	0	0	
15317162	8	True	1	1	2017-01-23_16.21.17	nan	nan	3313	0	0	2017-01-23_15.24.26	nan	nan	nan	nan	3832	0	0	0	0	
14805169	9	True	1	1	2017-01-27_14.25.02	nan	nan	2503	0	0	2017-01-27_13.27.07	nan	nan	nan	nan	4624	0	0	0	0	
10708152	10	True	1	1	2017-03-20_15.32.50	nan	nan	1323	0	0	2017-03-20_16.24.15	nan	nan	nan	nan	3157	0	0	0	0	
13310139	12	False	1	1	2017-03-22_11.41.02	nan	nan	810	0	0	2017-03-22_11.40.17	nan	nan	nan	nan	0	0	0	0	0	
15444164	8	True	1	1	2017-01-23_16.21.24	nan	nan	591	0	0	2017-01-23_15.25.24	nan	nan	nan	nan	1238	0	0	0	0	
13140165	11	True	1	1	2017-03-21_17.28.29	nan	nan	1387	0	0	2017-03-21_18.25.14	nan	nan	nan	nan	3403	0	0	0	0	
15188167	9	True	1	1	2017-01-27_14.25.05	nan	nan	2901	0	0	2017-01-27_13.27.07	nan	nan	nan	nan	2386	0	0	0	0	
10537160	11	True	1	1	2017-03-21_17.28.33	nan	nan	1355	0	0	2017-03-21_18.25.09	nan	nan	nan	nan	2496	0	0	0	0	
18174154	10	True	1	1	2017-03-20_15.32.54	nan	nan	1789	0	0	2017-03-20_16.24.48	nan	nan	nan	nan	2599	0	0	0	0	
12329163	6	True	1	1	2017-01-20_11.22.59	nan	nan	2041	0	0	2017-01-20_12.18.23	nan	nan	nan	nan	2815	0	0	0	0	
17576140	13	True	1	1	2017-03-22_16.25.06	nan	nan	3077	0	0	2017-03-22_15.28.40	nan	nan	nan	nan	2376	0	0	0	0	
17168593	11	True	1	2	2017-03-21_17.28.46	nan	nan	3380	0	0	2017-03-21_18.25.18	2017-03-21_18.42.59	nan	nan	nan	5681	0	0	0	0	
13139162	9	True	1	3	2017-01-27_14.25.11	nan	nan	2651	0	0	2017-01-27_13.27.05	2017-01-27_13.37.45	2017-01-27_13.38.55	nan	nan	9452	10	515	0	0	
17107166	7	True	1	1	2017-01-20_16.23.10	nan	nan	3757	0	0	2017-01-20_15.24.58	nan	nan	nan	nan	2678	0	0	0	0	
12345567	0	False	0	1	nan	nan	nan	0	0	0	2016-10-13_14.57.51	nan	nan	nan	nan	192	0	0	0	0	
17448165	8	True	1	1	2017-01-23_15.24.15	nan	nan	1365	0	0	2017-01-23_16.21.18	nan	nan	nan	nan	2266	0	0	0	0	
12344564	0	False	0	1	nan	nan	nan	0	0	0	2016-11-01_14.51.19	nan	nan	nan	nan	0	0	0	0	0	
12344567	0	False	0	1	nan	nan	nan	0	0	0	2016-10-17_16.04.15	nan	nan	nan	nan	1113	0	0	0	0	
99999999	0	False	22	0	2016-10-19_10.02.35	nan	nan	275	0	0	nan	nan	nan	nan	nan	0	0	0	0	0	
12357888	0	False	0	1	nan	nan	nan	0	0	0	2017-02-21_16.43.19	nan	nan	nan	nan	0	0	0	0	0	
19196162	7	True	1	1	2017-01-20_15.25.18	nan	nan	4270	0	0	2017-01-20_16.23.13	nan	nan	nan	nan	6741	0	0	0	0	
18854165	12	False	1	2	2017-03-22_11.44.33	nan	nan	2909	0	0	2017-03-22_11.42.45	2017-03-22_12.33.49	nan	nan	nan	64	6460	0	0	0	
52193156	1	False	1	1	2017-01-13_13.29.30	nan	nan	3386	0	0	2017-01-13_14.25.52	nan	nan	nan	nan	9843	0	0	0	0	
17007153	9	True	1	1	2017-01-27_14.24.57	nan	nan	4026	0	0	2017-01-27_13.26.56	nan	nan	nan	nan	3254	0	0	0	0	
15482152	12	False	1	1	2017-03-22_12.33.40	nan	nan	2207	0	0	2017-03-22_11.40.10	nan	nan	nan	nan	2960	0	0	0	0	
17018157	5	True	1	1	2017-01-19_13.25.28	nan	nan	2017	0	0	2017-01-19_14.21.32	nan	nan	nan	nan	2053	0	0	0	0	
19023153	9	True	1	1	2017-01-27_13.27.03	nan	nan	5205	0	0	2017-01-27_14.24.46	nan	nan	nan	nan	4651	0	0	0	0	
14201151	9	True	1	1	2017-01-27_14.25.33	nan	nan	3251	0	0	2017-01-27_13.28.01	nan	nan	nan	nan	822	0	0	0	0	
90447168	2	True	1	1	2017-01-17_12.17.41	nan	nan	2557	0	0	2017-01-17_11.22.45	nan	nan	nan	nan	3844	0	0	0	0	
15055169	2	True	1	1	2017-01-17_11.23.51	nan	nan	2485	0	0	2017-01-17_12.17.39	nan	nan	nan	nan	2215	0	0	0	0	
12345667	0	False	0	1	nan	nan	nan	0	0	0	2016-10-25_12.59.13	nan	nan	nan	nan	873	0	0	0	0	
10105157	12	False	1	1	2017-03-22_12.33.46	nan	nan	1348	0	0	2017-03-22_11.41.17	nan	nan	nan	nan	2279	0	0	0	0	
13945160	11	True	1	1	2017-03-21_17.28.27	nan	nan	2388	0	0	2017-03-21_18.25.20	nan	nan	nan	nan	3009	0	0	0	0	
12665164	11	True	1	1	2017-03-21_18.25.09	nan	nan	3111	0	0	2017-03-21_17.29.02	nan	nan	nan	nan	3460	0	0	0	0	
12345678	0	False	67	96	2016-10-19_13.52.59	nan	nan	258	0	0	2016-10-01_15.02.48	nan	nan	nan	nan	0	0	0	0	0	
15026512	10	True	1	1	2017-03-20_15.32.46	nan	nan	1741	0	0	2017-03-20_16.24.15	nan	nan	nan	nan	4665	0	0	0	0	
12238164	7	True	1	1	2017-01-20_15.24.52	nan	nan	5156	0	0	2017-01-20_16.22.59	nan	nan	nan	nan	5839	0	0	0	0	
13134165	10	True	1	1	2017-03-20_15.32.56	nan	nan	4332	0	0	2017-03-20_16.24.52	nan	nan	nan	nan	5429	0	0	0	0	
12707161	5	True	1	1	2017-01-19_13.25.39	nan	nan	4855	0	0	2017-01-19_14.21.33	nan	nan	nan	nan	5777	0	0	0	0	
59043165	3	True	1	1	2017-01-17_16.21.08	nan	nan	3024	0	0	2017-01-17_15.22.51	nan	nan	nan	nan	2702	0	0	0	0	
10232160	7	True	1	1	2017-01-20_16.23.13	nan	nan	3133	0	0	2017-01-20_15.24.45	nan	nan	nan	nan	4468	0	0	0	0	
12344675	0	False	0	2	nan	nan	nan	0	0	0	2016-10-14_14.59.11	nan	nan	nan	nan	133	0	0	0	0	
24566161	2	True	1	1	2017-01-17_11.22.35	nan	nan	1943	0	0	2017-01-17_12.17.34	nan	nan	nan	nan	3527	0	0	0	0	
77047160	2	True	1	1	2017-01-17_12.17.34	nan	nan	3142	0	0	2017-01-17_11.22.35	nan	nan	nan	nan	1584	0	0	0	0	
17655165	15	True	1	1	2017-03-28_15.29.17	nan	nan	1998	0	0	2017-03-28_16.20.43	nan	nan	nan	nan	4949	0	0	0	0	
17868168	5	True	1	1	2017-01-19_14.22.00	nan	nan	2030	0	0	2017-01-19_13.25.44	nan	nan	nan	nan	2523	0	0	0	0	
12406161	5	True	1	1	2017-01-19_14.22.09	nan	nan	2213	0	0	2017-01-19_13.25.55	nan	nan	nan	nan	4150	0	0	0	0	
19018165	11	True	1	1	2017-03-21_18.25.06	nan	nan	2416	0	0	2017-03-21_17.28.18	nan	nan	nan	nan	6284	0	0	0	0	
18591168	5	True	1	1	2017-01-19_13.25.39	nan	nan	2337	0	0	2017-01-19_14.21.51	nan	nan	nan	nan	3954	0	0	0	0	
11892169	8	True	1	1	2017-01-23_16.21.13	nan	nan	4457	0	0	2017-01-23_15.24.10	nan	nan	nan	nan	3925	0	0	0	0	
19913165	15	True	1	1	2017-03-28_16.20.26	nan	nan	2943	0	0	2017-03-28_15.28.49	nan	nan	nan	nan	1447	0	0	0	0	
83145167	3	True	1	1	2017-01-17_15.22.52	nan	nan	1174	0	0	2017-01-17_16.20.58	nan	nan	nan	nan	2001	0	0	0	0	
16328144	14	True	1	1	2017-03-23_14.25.17	nan	nan	3110	0	0	2017-03-23_13.25.52	nan	nan	nan	nan	4408	0	0	0	0	
13726167	5	True	1	1	2017-01-19_14.21.53	nan	nan	4188	0	0	2017-01-19_13.25.30	nan	nan	nan	nan	4674	0	0	0	0	
46792161	2	True	1	1	2017-01-17_12.17.51	nan	nan	3141	0	0	2017-01-17_11.22.57	nan	nan	nan	nan	2498	0	0	0	0	
10866146	6	True	2	5	2017-01-20_11.22.41	2017-01-20_11.36.03	nan	3329	103	0	2017-01-20_12.18.39	2017-01-20_12.19.33	2017-01-20_12.19.49	2017-01-20_12.29.25	2017-01-20_12.43.23	794	313	4191	1406	417	
13981167	5	True	1	1	2017-01-19_13.26.18	nan	nan	4509	0	0	2017-01-19_14.21.51	nan	nan	nan	nan	5591	0	0	0	0	
18162165	6	True	1	1	2017-01-20_12.19.00	nan	nan	2052	0	0	2017-01-20_11.22.55	nan	nan	nan	nan	3815	0	0	0	0	
18247165	3	True	1	1	2017-01-17_15.22.56	nan	nan	3062	0	0	2017-01-17_16.21.07	nan	nan	nan	nan	1530	0	0	0	0	
23836160	2	True	1	1	2017-01-17_11.22.49	nan	nan	1194	0	0	2017-01-17_12.17.36	nan	nan	nan	nan	4716	0	0	0	0	
10908162	6	True	1	1	2017-01-20_12.18.24	nan	nan	2217	0	0	2017-01-20_11.22.48	nan	nan	nan	nan	1784	0	0	0	0	
12456456	0	False	1	0	2016-11-22_15.01.17	nan	nan	41	0	0	nan	nan	nan	nan	nan	0	0	0	0	0	
12017165	13	True	1	1	2017-03-22_15.28.37	nan	nan	804	0	0	2017-03-22_16.24.54	nan	nan	nan	nan	2666	0	0	0	0	
19618321	13	True	1	1	2017-03-22_16.24.44	nan	nan	6734	0	0	2017-03-22_15.28.45	nan	nan	nan	nan	4749	0	0	0	0	
85915167	2	True	1	1	2017-01-17_11.22.54	nan	nan	2392	0	0	2017-01-17_12.18.09	nan	nan	nan	nan	990	0	0	0	0	
17691169	10	True	1	1	2017-03-20_16.24.22	nan	nan	2656	0	0	2017-03-20_15.33.07	nan	nan	nan	nan	2859	0	0	0	0	
16752165	5	True	1	1	2017-01-19_14.21.30	nan	nan	1991	0	0	2017-01-19_13.25.34	nan	nan	nan	nan	4899	0	0	0	0	
13870641	11	True	1	1	2017-03-21_18.25.13	nan	nan	1207	0	0	2017-03-21_17.28.31	nan	nan	nan	nan	670	0	0	0	0	
19780165	4	True	1	1	2017-01-19_10.24.05	nan	nan	3492	0	0	2017-01-19_09.28.09	nan	nan	nan	nan	4078	0	0	0	0	
22340167	3	True	1	1	2017-01-17_15.22.52	nan	nan	3279	0	0	2017-01-17_16.21.00	nan	nan	nan	nan	3483	0	0	0	0	
11929166	2	True	1	1	2017-01-17_11.22.52	nan	nan	2315	0	0	2017-01-17_12.17.40	nan	nan	nan	nan	2647	0	0	0	0	
27630167	1	False	1	1	2017-01-13_13.29.33	nan	nan	3347	0	0	2017-01-13_14.26.28	nan	nan	nan	nan	2209	0	0	0	0	
19566168	9	True	1	1	2017-01-27_14.24.55	nan	nan	2073	0	0	2017-01-27_13.27.13	nan	nan	nan	nan	2871	0	0	0	0	
19608154	9	True	1	1	2017-01-27_13.27.17	nan	nan	2910	0	0	2017-01-27_14.25.17	nan	nan	nan	nan	3084	0	0	0	0	
17347163	11	True	1	1	2017-03-21_17.28.21	nan	nan	2399	0	0	2017-03-21_18.25.04	nan	nan	nan	nan	2728	0	0	0	0	
13122150	9	True	1	1	2017-01-27_14.25.22	nan	nan	1962	0	0	2017-01-27_13.27.17	nan	nan	nan	nan	1706	0	0	0	0	
19053161	15	True	1	1	2017-03-28_16.20.27	nan	nan	3371	0	0	2017-03-28_15.28.57	nan	nan	nan	nan	6009	0	0	0	0	
16237162	6	True	1	1	2017-01-20_12.18.27	nan	nan	4034	0	0	2017-01-20_11.23.07	nan	nan	nan	nan	5536	0	0	0	0	
15298166	9	True	1	1	2017-01-27_14.24.55	nan	nan	2116	0	0	2017-01-27_13.27.55	nan	nan	nan	nan	4906	0	0	0	0	
15554169	7	True	1	1	2017-01-20_16.23.06	nan	nan	2575	0	0	2017-01-20_15.25.00	nan	nan	nan	nan	2764	0	0	0	0	
53262971	3	True	1	1	2017-01-17_16.21.02	nan	nan	1927	0	0	2017-01-17_15.22.52	nan	nan	nan	nan	661	0	0	0	0	
16961152	11	True	1	1	2017-03-21_17.28.37	nan	nan	1707	0	0	2017-03-21_18.25.01	nan	nan	nan	nan	2106	0	0	0	0	
19436162	13	True	1	1	2017-03-22_16.25.05	nan	nan	4473	0	0	2017-03-22_15.28.51	nan	nan	nan	nan	2282	0	0	0	0	
14828163	9	True	1	1	2017-01-27_13.27.15	nan	nan	2310	0	0	2017-01-27_14.25.04	nan	nan	nan	nan	2077	0	0	0	0	
17729162	5	True	1	1	2017-01-19_13.25.33	nan	nan	3960	0	0	2017-01-19_14.21.49	nan	nan	nan	nan	4593	0	0	0	0	
10561164	5	True	1	1	2017-01-19_13.26.40	nan	nan	921	0	0	2017-01-19_14.21.42	nan	nan	nan	nan	2534	0	0	0	0	
12907149	11	True	1	1	2017-03-21_18.25.15	nan	nan	2097	0	0	2017-03-21_17.28.26	nan	nan	nan	nan	3162	0	0	0	0	
19989152	10	True	1	1	2017-03-20_16.24.12	nan	nan	3428	0	0	2017-03-20_15.32.48	nan	nan	nan	nan	6774	0	0	0	0	
11200165	1	False	1	1	2017-01-13_14.25.59	nan	nan	2149	0	0	2017-01-13_13.29.26	nan	nan	nan	nan	3132	0	0	0	0	
19562150	5	True	1	1	2017-01-19_14.21.54	nan	nan	2937	0	0	2017-01-19_13.25.35	nan	nan	nan	nan	4195	0	0	0	0	
18922151	5	True	1	1	2017-01-19_14.21.55	nan	nan	1246	0	0	2017-01-19_13.25.36	nan	nan	nan	nan	2039	0	0	0	0	
11669161	4	False	3	1	2017-01-19_09.27.40	2017-01-19_09.49.09	2017-01-19_09.49.18	1892	0	12	2017-01-19_10.23.33	nan	nan	nan	nan	3032	0	0	0	0	ERROR: removed from study because student used their textbook, see running study docs
16618163	6	True	1	1	2017-01-20_11.23.12	nan	nan	2480	0	0	2017-01-20_12.18.28	nan	nan	nan	nan	6324	0	0	0	0	
24511163	2	True	1	1	2017-01-17_12.17.38	nan	nan	2350	0	0	2017-01-17_11.23.01	nan	nan	nan	nan	2420	0	0	0	0	
11111111	0	False	5	3	2016-10-19_09.25.38	nan	nan	0	0	0	2016-10-10_12.42.44	nan	nan	nan	nan	3	0	0	0	0	
16233163	11	True	1	2	2017-03-21_17.28.41	nan	nan	1079	0	0	2017-03-21_18.25.00	2017-03-21_18.26.58	nan	nan	nan	819	1451	0	0	0	
14055131	11	True	1	1	2017-03-21_17.28.52	nan	nan	1731	0	0	2017-03-21_18.25.03	nan	nan	nan	nan	2114	0	0	0	0	
26984162	3	True	1	1	2017-01-17_15.22.51	nan	nan	2418	0	0	2017-01-17_16.21.04	nan	nan	nan	nan	2884	0	0	0	0	
17597160	7	True	1	1	2017-01-20_16.23.01	nan	nan	1386	0	0	2017-01-20_15.24.52	nan	nan	nan	nan	393	0	0	0	0	
15677161	12	False	1	1	2017-03-22_12.33.25	nan	nan	3980	0	0	2017-03-22_11.40.03	nan	nan	nan	nan	2168	0	0	0	0	
18365162	4	True	1	2	2017-01-19_10.24.04	nan	nan	1303	0	0	2017-01-19_09.27.23	2017-01-19_10.23.50	nan	nan	nan	4434	0	0	0	0	
12818156	1	False	1	1	2017-01-13_14.25.48	nan	nan	5613	0	0	2017-01-13_13.29.03	nan	nan	nan	nan	2220	0	0	0	0	
16317166	11	True	1	2	2017-03-21_18.24.57	nan	nan	838	0	0	2017-03-21_17.17.42	2017-03-21_17.28.42	nan	nan	nan	0	3119	0	0	0	
10192168	7	True	1	1	2017-01-20_15.25.22	nan	nan	1446	0	0	2017-01-20_16.22.58	nan	nan	nan	nan	3443	0	0	0	0	
19089138	8	True	1	1	2017-01-23_16.21.28	nan	nan	687	0	0	2017-01-23_15.24.11	nan	nan	nan	nan	2261	0	0	0	0	
12263156	7	True	1	1	2017-01-20_16.23.01	nan	nan	2904	0	0	2017-01-20_15.25.01	nan	nan	nan	nan	3655	0	0	0	0	
55825144	3	True	1	1	2017-01-17_16.21.01	nan	nan	2257	0	0	2017-01-17_15.22.52	nan	nan	nan	nan	3586	0	0	0	0	
16657165	11	True	1	1	2017-03-21_17.28.36	nan	nan	3923	0	0	2017-03-21_18.25.15	nan	nan	nan	nan	5348	0	0	0	0	
19344143	3	True	1	1	2017-01-17_15.22.57	nan	nan	4663	0	0	2017-01-17_16.21.01	nan	nan	nan	nan	4395	0	0	0	0	
17083161	7	True	1	1	2017-01-20_15.24.54	nan	nan	3836	0	0	2017-01-20_16.23.11	nan	nan	nan	nan	7788	0	0	0	0	
27451164	2	True	1	1	2017-01-17_12.17.36	nan	nan	3199	0	0	2017-01-17_11.22.53	nan	nan	nan	nan	4853	0	0	0	0	
78992166	3	True	1	1	2017-01-17_16.21.03	nan	nan	1304	0	0	2017-01-17_15.22.52	nan	nan	nan	nan	2434	0	0	0	0	
17701169	11	True	1	1	2017-03-21_18.25.36	nan	nan	3098	0	0	2017-03-21_17.29.24	nan	nan	nan	nan	4895	0	0	0	0	
12816168	11	True	1	2	2017-03-21_17.28.40	nan	nan	1269	0	0	2017-03-21_18.25.29	2017-03-21_18.30.06	nan	nan	nan	1297	1881	0	0	0	
14565169	12	False	1	1	2017-03-22_12.33.34	nan	nan	977	0	0	2017-03-22_11.40.07	nan	nan	nan	nan	3999	0	0	0	0	
10127163	9	True	1	1	2017-01-27_14.25.07	nan	nan	3181	0	0	2017-01-27_13.26.59	nan	nan	nan	nan	3097	0	0	0	0	
82788161	2	True	1	1	2017-01-17_11.22.49	nan	nan	1842	0	0	2017-01-17_12.17.44	nan	nan	nan	nan	3828	0	0	0	0	
19862157	7	True	1	1	2017-01-20_15.24.54	nan	nan	2292	0	0	2017-01-20_16.23.13	nan	nan	nan	nan	5115	0	0	0	0	
12302161	7	True	1	1	2017-01-20_15.25.00	nan	nan	1903	0	0	2017-01-20_16.23.20	nan	nan	nan	nan	5123	0	0	0	0	
19470169	13	True	1	1	2017-03-22_15.28.26	nan	nan	5796	0	0	2017-03-22_16.25.24	nan	nan	nan	nan	3701	0	0	0	0	
15160164	11	True	1	1	2017-03-21_17.28.46	nan	nan	2384	0	0	2017-03-21_18.25.28	nan	nan	nan	nan	2020	0	0	0	0	
13624169	7	True	1	1	2017-01-20_16.23.16	nan	nan	4454	0	0	2017-01-20_15.25.04	nan	nan	nan	nan	3671	0	0	0	0	
15457134	10	True	1	1	2017-03-20_15.32.51	nan	nan	343	0	0	2017-03-20_16.24.37	nan	nan	nan	nan	1339	0	0	0	0	
11326321	7	True	1	1	2017-01-20_16.23.00	nan	nan	4326	0	0	2017-01-20_15.24.44	nan	nan	nan	nan	4139	0	0	0	0	
19553138	6	True	1	1	2017-01-20_11.23.01	nan	nan	490	0	0	2017-01-20_12.18.42	nan	nan	nan	nan	1550	0	0	0	0	
15884161	14	True	1	1	2017-03-23_14.25.10	nan	nan	1872	0	0	2017-03-23_13.25.49	nan	nan	nan	nan	8271	0	0	0	0	
17036164	6	True	1	1	2017-01-20_11.23.12	nan	nan	2558	0	0	2017-01-20_12.18.44	nan	nan	nan	nan	3747	0	0	0	0	
23784336	3	True	2	2	2017-01-17_15.23.14	2017-01-17_16.21.25	nan	1352	1543	0	2017-01-17_15.23.24	2017-01-17_16.21.22	nan	nan	nan	2976	1742	0	0	0	
36107164	3	True	2	1	2017-01-17_16.21.04	2017-01-17_16.21.12	nan	0	1536	0	2017-01-17_15.22.52	nan	nan	nan	nan	2651	0	0	0	0	
15072160	5	True	1	1	2017-01-19_14.21.47	nan	nan	2356	0	0	2017-01-19_13.25.36	nan	nan	nan	nan	3056	0	0	0	0	
17931169	8	True	1	1	2017-01-23_15.24.19	nan	nan	1239	0	0	2017-01-23_16.21.23	nan	nan	nan	nan	3343	0	0	0	0	
60000168	3	True	1	1	2017-01-17_16.21.07	nan	nan	2917	0	0	2017-01-17_15.22.57	nan	nan	nan	nan	2384	0	0	0	0	
13578154	13	True	2	1	2017-03-22_15.28.46	2017-03-22_15.44.35	nan	1646	5	0	2017-03-22_16.24.51	nan	nan	nan	nan	4457	0	0	0	0	
14261165	11	True	1	1	2017-03-21_17.28.37	nan	nan	1507	0	0	2017-03-21_18.25.05	nan	nan	nan	nan	4361	0	0	0	0	
13493169	0	False	0	1	nan	nan	nan	0	0	0	2017-03-22_11.40.21	nan	nan	nan	nan	400	0	0	0	0	ERROR: student doesn't have logs in both sims
17290166	12	False	1	2	2017-03-22_11.42.21	nan	nan	2980	0	0	2017-03-22_11.40.01	2017-03-22_11.41.20	nan	nan	nan	3	1	0	0	0	
18527162	10	True	1	1	2017-03-20_15.33.07	nan	nan	579	0	0	2017-03-20_16.24.27	nan	nan	nan	nan	1973	0	0	0	0	
14444703	0	False	0	1	nan	nan	nan	0	0	0	2017-10-13_14.02.57	nan	nan	nan	nan	2371	0	0	0	0	
13407169	11	True	1	1	2017-03-21_17.28.43	nan	nan	2180	0	0	2017-03-21_18.25.07	nan	nan	nan	nan	4841	0	0	0	0	
10420167	7	True	1	1	2017-01-20_15.24.56	nan	nan	3084	0	0	2017-01-20_16.23.11	nan	nan	nan	nan	5393	0	0	0	0	
13193166	4	True	1	1	2017-01-19_10.23.39	nan	nan	1692	0	0	2017-01-19_09.28.04	nan	nan	nan	nan	2210	0	0	0	0	
17502161	5	True	1	1	2017-01-19_14.21.50	nan	nan	4804	0	0	2017-01-19_13.25.30	nan	nan	nan	nan	2767	0	0	0	0	
61406163	3	True	1	1	2017-01-17_15.22.50	nan	nan	2698	0	0	2017-01-17_16.20.51	nan	nan	nan	nan	4464	0	0	0	0	
16606167	10	True	1	1	2017-03-20_16.24.12	nan	nan	1497	0	0	2017-03-20_15.32.40	nan	nan	nan	nan	2765	0	0	0	0	
14302168	7	True	1	1	2017-01-20_16.23.20	nan	nan	1902	0	0	2017-01-20_15.25.00	nan	nan	nan	nan	2761	0	0	0	0	
11384795	10	True	1	1	2017-03-20_15.32.50	nan	nan	1776	0	0	2017-03-20_16.24.15	nan	nan	nan	nan	2854	0	0	0	0	
16136159	10	True	1	1	2017-03-20_16.24.32	nan	nan	3185	0	0	2017-03-20_15.32.58	nan	nan	nan	nan	2286	0	0	0	0	
15496161	10	True	1	1	2017-03-20_15.32.52	nan	nan	2373	0	0	2017-03-20_16.24.20	nan	nan	nan	nan	2839	0	0	0	0	
11997159	4	True	1	1	2017-01-19_10.24.20	nan	nan	2375	0	0	2017-01-19_09.27.39	nan	nan	nan	nan	2172	0	0	0	0	
14088168	10	True	1	1	2017-03-20_15.32.56	nan	nan	1571	0	0	2017-03-20_16.24.46	nan	nan	nan	nan	3528	0	0	0	0	
19933165	7	True	1	1	2017-01-20_15.25.05	nan	nan	1447	0	0	2017-01-20_16.23.15	nan	nan	nan	nan	2470	0	0	0	0	
12341234	0	False	0	2	nan	nan	nan	0	0	0	2016-12-21_11.10.16	nan	nan	nan	nan	1499	0	0	0	0	
18866165	10	True	1	1	2017-03-20_16.24.18	nan	nan	1095	0	0	2017-03-20_15.32.56	nan	nan	nan	nan	2420	0	0	0	0	
14002169	6	True	1	1	2017-01-20_12.18.25	nan	nan	3567	0	0	2017-01-20_11.23.02	nan	nan	nan	nan	2996	0	0	0	0	
10375163	3	True	1	1	2017-01-17_15.22.52	nan	nan	2116	0	0	2017-01-17_16.21.15	nan	nan	nan	nan	1476	0	0	0	0	
14293162	5	True	1	1	2017-01-19_14.21.57	nan	nan	2589	0	0	2017-01-19_13.25.33	nan	nan	nan	nan	2745	0	0	0	0	
