Session	Session time	Expected number (signout sheet)	sim	number of logs	ids
1	2017-1-13_13.00.00 - 2017-1-13_15.00.00	5	beers	5	11200165	12818156	27630167	52193156	83459165
			caps	5	11200165	12818156	27630167	52193156	83459165

2	2017-1-17_11.00.00 - 2017-1-17_13.00.00	14	beers	14	11612162	11929166	15055169	23836160	24511163	24566161	27451164	41947147	46792161	64006159	77047160	82788161	85915167	90447168
			caps	14	11612162	11929166	15055169	23836160	24511163	24566161	27451164	41947147	46792161	64006159	77047160	82788161	85915167	90447168

3	2017-1-17_15.00.00 - 2017-1-17_17.00.00	18	beers	18	10375163	18247165	19344143	22340167	23784336	23784336	26984162	36107164	51717164	53262971	55825144	59043165	60000168	61406163	78992166	83145167	86699164	89047164
			caps	19	10375163	18247165	19344143	22340167	23784336	23784336	26984162	31607164	31607164	51717164	53262971	55825144	59043165	60000168	61406163	78992166	83145167	86699164	89047164

4	2017-1-19_9.00.00 - 2017-1-19_11.00.00	5	beers	6	11669161	11997159	13193166	18365162	18365162	19780165
			caps	7	11669161	11669161	11669161	11997159	13193166	18365162	19780165

5	2017-1-19_13.00.00 - 2017-1-19_15.00.00	18	beers	17	10561164	12406161	12707161	13228164	13726167	13981167	14293162	15072160	16752165	17018157	17071167	17502161	17729162	17868168	18591168	18922151	19562150
			caps	17	10561164	12406161	12707161	13228164	13726167	13981167	14293162	15072160	16752165	17018157	17071167	17502161	17729162	17868168	18591168	18922151	19562150

6	2017-1-20_11.00.00 - 2017-1-20_13.00.00	10	beers	14	10866146	10866146	10866146	10866146	10866146	10908162	12329163	13654167	14002169	16237162	16618163	17036164	18162165	19553138
			caps	11	10866146	10866146	10908162	12329163	13654167	14002169	16237162	16618163	17036164	18162165	19553138

7	2017-1-20_15.00.00 - 2017-1-20_17.00.00	18	beers	18	10192168	10232160	10420167	11095146	11326321	12238164	12263156	12302161	13624169	14302168	15554169	17083161	17107166	17114169	17597160	19196162	19862157	19933165
			caps	18	10192168	10232160	10420167	11095146	11326321	12238164	12263156	12302161	13624169	14302168	15554169	17083161	17107166	17114169	17597160	19196162	19862157	19933165

8	2017-1-23_15.00.00 - 2017-1-23_17.00.00	7	beers	7	10970160	11892169	15317162	15444164	17448165	17931169	19089138
			caps	7	10970160	11892169	15317162	15444164	17448165	17931169	19089138

9	2017-1-27_13.00.00 - 2017-1-27_15.00.00	12	beers	14	10127163	13122150	13139162	13139162	13139162	14201151	14805169	14828163	15188167	15298166	17007153	19023153	19566168	19608154
			caps	12	10127163	13122150	13139162	14201151	14805169	14828163	15188167	15298166	17007153	19023153	19566168	19608154

10	2017-3-20_15.00.00 - 2017-3-20_17.00.00	15	beers	15	10708152	11384795	13134165	14088168	15026512	15457134	15496161	16136159	16606167	17691169	18174154	18527162	18866165	19416160	19989152
			caps	15	10708152	11384795	13134165	14088168	15026512	15457134	15496161	16136159	16606167	17691169	18174154	18527162	18866165	19416160	19989152

11	2017-3-21_17.00.00 - 2017-3-21_19.00.00	22	beers	26	10537160	11394167	11777163	12665164	12816168	12816168	12907149	13140165	13407169	13870641	13945160	14055131	14261165	15160164	16233163	16233163	16317166	16317166	16657165	16901162	16961152	17168593	17168593	17347163	17701169	19018165
			caps	22	10537160	11394167	11777163	12665164	12816168	12907149	13140165	13407169	13870641	13945160	14055131	14261165	15160164	16233163	16317166	16657165	16901162	16961152	17168593	17347163	17701169	19018165

12	2017-3-22_11.00.00 - 2017-3-22_13.00.00	13	beers	12	10105157	11691167	12288167	13310139	13493169	14565169	15482152	15677161	17290166	17290166	18854165	18854165
			caps	9	10105157	11691167	12288167	13310139	14565169	15482152	15677161	17290166	18854165

13	2017-3-22_15.00.00 - 2017-3-22_17.00.00	21	beers	6	12017165	13578154	17576140	19436162	19470169	19618321
			caps	7	12017165	13578154	13578154	17576140	19436162	19470169	19618321

14	2017-3-23_13.00.00 - 2017-3-23_15.00.00	20	beers	4	15749160	15884161	16328144	17112137
			caps	5	15749160	15749160	15884161	16328144	17112137

15	2017-3-28_15.00.00 - 2017-3-28_17.00.00	7	beers	4	13660166	17655165	19053161	19913165
			caps	4	13660166	17655165	19053161	19913165
